gen_time: 0.18367115259170533
loss: 9.78236436843872
acc: 0.0009765625
